 40Ca(P,P ALPHA)36Ar(5S)  100 MeV  Cooper, [Car84] param. set  
0  16   0 0         0         0         0         01 
0.        0.0       1.        0.1       121.      20.       20.       20.    
1.0       5.        0.        0.       
40.0      20.0      1.007     1.0       100.0     50.0      21.28     5.99
1.21      1.46      0.77      0.483               1.25      -1.0
0.                                                                      
36.0      18.       1.007     1.        0.0       50.       32.65     7.4
1.21      1.47      0.77      0.479               1.25      -1.
0.                                                                          
                    4.        2.                  40.       151.      14.24
1.26      1.69      0.767     0.519               1.30      -1.       0.    
0.                                                                    
                    5.0                 7.039                            
1.3                 0.65                0.        1.30      -1.       0.    
        
40.0      70.0      -45.7     0.0       1.0
2.
80.0
4.0       2.0       1.007     1.0       120.0     50.0      -2.80     10.31      
1.396     1.696     0.404     0.260               1.36      -1.0
10.31     -0.4      1.034     0.299     0.051     1.117     0.400                
